# Referenced resonance frequency data for MUX1
#  constructed from light run data at Penn
#  LOfreq is purely nominal and could be tweaked.
#  Nov/Dec 2014 
#
#lofreq(GHz) dummy dummy
5.340000000      0       0
#res freq(GHz)    relAtten
   0 	5.395342 0.0
   1  	5.403933 0.0
   2  	5.410708 0.0
   3  	5.415807 0.0
   4  	5.422081 0.0
   5  	5.428297 0.0
   6  	5.433775 0.0
   7  	5.439886 0.0
   8  	5.44556 0.0
   9  	5.451231 0.0
  10  	5.457818 0.0
  11  	5.463835 0.0
  12  	5.468426 0.0
  13  	5.475961 0.0
  14  	5.480932 0.0
  15  	5.486383 0.0
  16  	5.492957 0.0
  17  	5.499979 0.0
  18  	5.506578 0.0
  19  	5.513047 0.0
  20  	5.519420 0.0
  21  	5.525317 0.0
  22  	5.531522 0.0
  23  	5.537474 0.0
  24  	5.542901 0.0
  25  	5.549393 0.0
  26  	5.555701 0.0
  27  	5.561804 0.0
  28  	5.567201 0.0
  29  	5.574904 0.0
  30  	5.581283 0.0
  31  	5.587822 0.0
  32  	5.593143 0.0
  33  	5.599770 0.0
  34  	5.605785 0.0
