# Referenced resonance frequency data for MUX2
#  constructed from light run data at Penn
#  LOfreq is purely nominal and could be tweaked.
#  Nov/Dec 2014 
#
#lofreq(GHz) dummy dummy
5.340000000      0       0
#res freq(GHz)    relAtten
    0   5.400640 0.0
    1 	5.409094 0.0
    2 	5.415852 0.0
    3 	5.421361 0.0
    4 	5.427492 0.0
    5 	5.433698 0.0
    6 	5.439385 0.0
    7 	5.445413 0.0
    8 	5.451182 0.0
    9 	5.456369 0.0
   10 	5.463083 0.0
   11 	5.468940 0.0
   12 	5.474807 0.0
   13 	5.480852 0.0
   14 	5.485807 0.0
   15 	5.492085 0.0
   16 	5.497801 0.0
   17 	5.504737 0.0
   18 	5.512320 0.0
   19 	5.518253 0.0
   20 	5.524360 0.0
   21 	5.530143 0.0
   22 	5.536537 0.0
   23 	5.542282 0.0
   24 	5.547997 0.0
   25 	5.554458 0.0
   26 	5.560969 0.0
   27 	5.567523 0.0
   28 	5.573625 0.0
   29 	5.579720 0.0
   30 	5.586009 0.0
   31 	5.592216 0.0
   32 	5.598138 0.0
   33 	5.604417 0.0
   34  	5.610392 0.0
