# Referenced resonance frequency data for MUX3
#  constructed from light run data at Penn
#  LOfreq is purely nominal and could be tweaked.
#  Nov/Dec 2014 
#
#lofreq(GHz) dummy dummy
5.340000000      0       0
#res freq(GHz)    relAtten
    0	5.395303 0.0
    1 	5.404153 0.0
    2 	5.411175 0.0
    3 	5.417154 0.0
    4 	5.423564 0.0
    5 	5.430171 0.0
    6 	5.436129 0.0
    7 	5.442261 0.0
    8 	5.449093 0.0
    9 	5.45474 0.0
   10 	5.460392 0.0
   11 	5.466094 0.0
   12 	5.471969 0.0
   13 	5.477994 0.0
   14 	5.482891 0.0
   15 	5.488884 0.0
   16 	5.494146 0.0
   17 	5.500539 0.0
   18 	5.506972 0.0
   19 	5.512798 0.0
   20 	5.518827 0.0
   21 	5.524960 0.0
   22 	5.531662 0.0
   23 	5.537624 0.0
   24 	5.543119 0.0
   25 	5.549566 0.0
   26 	5.555219 0.0
   27 	5.562518 0.0
   28 	5.569099 0.0
   29 	5.574718 0.0
   30 	5.580692 0.0
   31 	5.587717 0.0
   32 	5.593036 0.0
   33 	5.599118 0.0
   34 	5.604531 0.0
